LSM330_NUM_SENSORS=3
LSM330_0_0_KR=1.0
LSM330_0_1_KR=1.0
LSM330_0_2_KR=0.0001532542
LSM330_0_0_KA=1.0
LSM330_0_1_KA=1.0
LSM330_0_2_KA=1.0
LSM330_0_0_OA=0.0
LSM330_0_1_OA=0.0
LSM330_0_2_OA=0.0
LSM330_0_0_TO=0.0
LSM330_0_1_TO=0.0
LSM330_0_2_TO=0.0
LSM330_0_0_TS=0.0
LSM330_0_1_TS=0.0
LSM330_0_2_TS=0.0
LSM330_1_0_KR=1.0
LSM330_1_1_KR=1.0
LSM330_1_2_KR=0.0001532542
LSM330_1_0_KA=1.0
LSM330_1_1_KA=1.0
LSM330_1_2_KA=1.0
LSM330_1_0_OA=0.0
LSM330_1_1_OA=0.0
LSM330_1_2_OA=0.0
LSM330_1_0_TO=0.0
LSM330_1_1_TO=0.0
LSM330_1_2_TO=0.0
LSM330_1_0_TS=0.0
LSM330_1_1_TS=0.0
LSM330_1_2_TS=0.0
LSM330_2_0_KR=1.0
LSM330_2_1_KR=1.0
LSM330_2_2_KR=0.0001532542
LSM330_2_0_KA=1.0
LSM330_2_1_KA=1.0
LSM330_2_2_KA=1.0
LSM330_2_0_OA=0.0
LSM330_2_1_OA=0.0
LSM330_2_2_OA=0.0
LSM330_2_0_TO=0.0
LSM330_2_1_TO=0.0
LSM330_2_2_TO=0.0
LSM330_2_0_TS=0.0
LSM330_2_1_TS=0.0
LSM330_2_2_TS=0.0
MPU6050_NUM_SENSORS=4
MPU6050_0_0_KR=1.0
MPU6050_0_1_KR=1.0
MPU6050_0_2_KR=0.00013089969
MPU6050_0_0_KA=0.000604310838144255
MPU6050_0_1_KA=0.00058235705
MPU6050_0_2_KA=0.000595412190525883
MPU6050_0_0_OA=1321.570397
MPU6050_0_1_OA=248.217054
MPU6050_0_2_OA=-3294.30222
MPU6050_0_0_TO=3334.1
MPU6050_0_1_TO=-517.8988
MPU6050_0_2_TO=6.9349
MPU6050_0_0_TS=-0.033333
MPU6050_0_1_TS=0.0055
MPU6050_0_2_TS=0.0006
MPU6050_1_0_KR=1.0
MPU6050_1_1_KR=1.0
MPU6050_1_2_KR=0.00013089969
MPU6050_1_0_KA=0.00061109383
MPU6050_1_1_KA=0.00058767084
MPU6050_1_2_KA=0.000597856268448686
MPU6050_1_0_OA=1254.9963899
MPU6050_1_1_OA=178.782
MPU6050_1_2_OA=-2836.34
MPU6050_1_0_TO=1174.8
MPU6050_1_1_TO=-493.2063
MPU6050_1_2_TO=329.9443
MPU6050_1_0_TS=-0.008
MPU6050_1_1_TS=0.0050
MPU6050_1_2_TS=-0.0075
MPU6050_2_0_KR=1.0
MPU6050_2_1_KR=1.0
MPU6050_2_2_KR=0.00013089969
MPU6050_2_0_KA=0.00060816275
MPU6050_2_1_KA=0.00058403953
MPU6050_2_2_KA=0.000595284026838932
MPU6050_2_0_OA=1257.021661
MPU6050_2_1_OA=136.03445
MPU6050_2_2_OA=-2948.968889
MPU6050_2_0_TO=3418.9
MPU6050_2_1_TO=-224.356
MPU6050_2_2_TO=-819.9702
MPU6050_2_0_TS=-0.052
MPU6050_2_1_TS=0.0013
MPU6050_2_2_TS=0.0118
MPU6050_3_0_KR=1.0
MPU6050_3_1_KR=1.0
MPU6050_3_2_KR=0.00013089969
MPU6050_3_0_KA=0.00060922576
MPU6050_3_1_KA=0.00059382837
MPU6050_3_2_KA=0.000585663737832423
MPU6050_3_0_OA=1262.7472924
MPU6050_3_1_OA=-353.7485
MPU6050_3_2_OA=-3201.71333333
MPU6050_3_0_TO=935.9912
MPU6050_3_1_TO=-228.7757
MPU6050_3_2_TO=1313.9
MPU6050_3_0_TS=-0.0145
MPU6050_3_1_TS=0.00004
MPU6050_3_2_TS=-0.01333333333
